{
  "fund_codes": [
    "URTH",
    "AOA",
    "XLV",
    "SPY",
    "VNQ",
    "QQQ",
    "EMB",
    "BNDX",
    "AAXJ",
    "VT"
  ],
  "cov_matrix": [
    [
      0.02108358,
      0.01674485,
      0.01503478,
      0.02084028,
      0.01926256,
      0.02288058,
      0.01026832,
      0.00292797,
      0.01758395,
      0.02093711
    ],
    [
      0.01674485,
      0.01429627,
      0.01217263,
      0.01666229,
      0.01592865,
      0.01821323,
      0.0089285,
      0.00262729,
      0.01566156,
      0.01703081
    ],
    [
      0.01503478,
      0.01217263,
      0.02022398,
      0.01540911,
      0.0160654,
      0.01542034,
      0.00667105,
      0.00187318,
      0.01090969,
      0.01484276
    ],
    [
      0.02084028,
      0.01666229,
      0.01540911,
      0.02166654,
      0.01954848,
      0.02385245,
      0.00977257,
      0.00283019,
      0.01630234,
      0.02080238
    ],
    [
      0.01926256,
      0.01592865,
      0.0160654,
      0.01954848,
      0.03227613,
      0.01925769,
      0.01258136,
      0.00463158,
      0.01617246,
      0.01960077
    ],
    [
      0.02288058,
      0.01821323,
      0.01542034,
      0.02385245,
      0.01925769,
      0.030973,
      0.01040748,
      0.00348821,
      0.01872822,
      0.02257757
    ],
    [
      0.01026832,
      0.0089285,
      0.00667105,
      0.00977257,
      0.01258136,
      0.01040748,
      0.00932227,
      0.00269585,
      0.01137272,
      0.01076577
    ],
    [
      0.00292797,
      0.00262729,
      0.00187318,
      0.00283019,
      0.00463158,
      0.00348821,
      0.00269585,
      0.00223008,
      0.00284926,
      0.00290557
    ],
    [
      0.01758395,
      0.01566156,
      0.01090969,
      0.01630234,
      0.01617246,
      0.01872822,
      0.01137272,
      0.00284926,
      0.02907643,
      0.01915531
    ],
    [
      0.02093711,
      0.01703081,
      0.01484276,
      0.02080238,
      0.01960077,
      0.02257757,
      0.01076577,
      0.00290557,
      0.01915531,
      0.02129816
    ]
  ],
  "description": "Annualised covariance matrix \u03a3. Factor = 12.",
  "units": "decimal\u00b2 (e.g. 0.025 = 2.5% variance)"
}